3361 Barrier 1010 1019 10 19 0 0
3362 Barrier 1010 1019 20 29 0 0
3363 Barrier 1010 1019 30 39 0 0
3364 Barrier 1010 1019 40 49 0 0
3365 Barrier 1010 1019 50 59 0 0
3366 Barrier 1010 1019 60 69 0 0
3367 Barrier 1010 1019 70 79 0 0
3368 Barrier 1010 1019 80 89 0 0
3369 Barrier 1010 1019 90 99 0 0
3370 Barrier 1010 1019 100 109 0 0
3371 Barrier 1010 1019 110 119 0 0
3372 Barrier 1010 1019 120 129 0 0
3373 Barrier 1010 1019 130 139 0 0
3374 Barrier 1010 1019 140 149 0 0
3375 Barrier 1010 1019 150 159 0 0
3376 Barrier 1010 1019 160 169 0 0
3377 Barrier 1010 1019 170 179 0 0
3378 Barrier 1010 1019 180 189 0 0
3379 Barrier 1010 1019 190 199 0 0
3380 Barrier 1010 1019 200 209 0 0
3381 Barrier 1010 1019 210 219 0 0
3382 Barrier 1010 1019 220 229 0 0
3383 Barrier 1010 1019 230 239 0 0
3384 Barrier 1010 1019 240 249 0 0
3385 Barrier 1010 1019 250 259 0 0
3386 Barrier 1010 1019 260 269 0 0
3387 Barrier 1010 1019 270 279 0 0
3388 Barrier 1010 1019 280 289 0 0
3389 Barrier 1010 1019 290 299 0 0
3390 Barrier 1010 1019 300 309 0 0